50
3
1 2 3
2 3 5
3 5 6
2 3 4
1 2 3
7
7 8 15 19 20 24 27
2 7 10 15 16 20 22
7 8 11 13 15 19 25
20 24 31 34 36 42 43
16 19 28 33 38 42 44
15 19 23 28 31 33 37
8 11 20 23 27 31 34
2 7 8 10 14 16 20
16 20 27 29 35 38 42
10 15 20 21 25 28 30
10 13 21 28 29 34 38
14 15 25 31 35 36 42
22 27 34 38 42 44 49
2
4 8
2 6
6 8
4
4 7 9 11
5 7 9 12
6 10 12 13
1 2 5 7
1 2 4 6
2 4 7 9
7 9 11 13
7
9 10 17 20 21 23 28
7 9 14 18 20 22 25
12 14 21 26 28 29 32
2 3 5 7 9 10 12
4 5 7 9 10 12 14
8 13 16 18 20 23 26
15 21 24 25 28 29 32
10 12 19 23 25 28 29
2 4 7 8 10 13 15
10 16 19 20 21 25 28
13 18 20 22 23 28 29
3 5 10 13 16 18 21
7 10 13 14 17 19 21
3
2 3 4
3 4 5
2 3 4
1 2 3
3 4 5
2
4 8
6 8
2 4
10
14 20 21 24 25 29 33 35 41 43
8 10 11 15 18 22 25 26 27 29
1 3 4 7 8 9 10 12 15 16
9 12 14 16 20 24 27 28 31 34
16 23 28 29 34 36 40 43 45 47
10 16 22 25 27 29 31 33 36 37
15 21 26 27 31 35 38 41 43 45
11 15 17 18 22 25 29 32 35 36
1 3 5 8 9 11 13 14 15 17
3 5 7 10 12 15 17 20 21 23
3 5 6 9 10 13 16 18 21 23
9 13 19 22 24 25 26 29 31 32
5 7 10 13 16 19 22 23 26 28
12 18 23 26 28 32 33 35 37 38
7 9 13 15 16 18 19 24 26 29
15 21 24 26 27 31 36 37 43 45
4 6 10 11 14 17 18 21 24 26
8 10 16 18 20 22 24 25 27 30
17 23 26 29 30 32 37 38 45 47
7
8 11 13 15 16 17 18
8 11 13 15 17 20 22
2 4 5 6 7 8 10
9 13 15 17 19 20 22
10 12 15 16 18 22 24
4 5 7 8 10 11 12
5 7 8 10 13 15 17
6 9 10 11 13 15 16
2 4 5 6 8 9 11
4 5 7 9 11 13 14
11 14 17 18 20 22 24
5 7 8 9 11 13 15
7 10 11 13 16 19 20
5
1 3 5 7 8
1 2 3 5 7
7 9 10 12 14
7 10 12 14 16
8 10 11 14 16
2 5 6 9 10
3 5 6 8 10
3 6 7 10 11
5 6 7 9 12
5
7 9 11 15 18
3 5 7 9 11
9 11 12 16 21
7 10 11 12 14
11 16 18 21 22
11 12 14 17 22
5 6 9 11 12
5 6 10 13 16
10 13 15 16 17
7
10 14 18 21 23 26 29
7 8 12 15 17 21 23
11 13 15 17 20 26 28
1 2 3 6 9 10 13
4 6 11 12 15 18 20
13 17 20 23 24 28 30
9 12 15 17 19 20 21
1 2 4 7 9 11 13
6 9 12 15 16 17 20
13 16 18 20 21 29 30
2 5 8 9 12 14 17
9 10 13 16 19 23 24
3 8 11 12 13 15 18
2
2 3
3 5
2 3
10
10 11 12 13 14 15 16 17 18 19
8 9 10 11 12 13 14 15 16 17
2 3 4 5 6 7 8 9 10 11
5 6 7 8 9 10 11 12 13 14
7 8 9 10 11 12 13 14 15 16
6 7 8 9 10 11 12 13 14 15
7 8 9 10 11 12 13 14 15 16
4 5 6 7 8 9 10 11 12 13
1 2 3 4 5 6 7 8 9 10
3 4 5 6 7 8 9 10 11 12
9 10 11 12 13 14 15 16 17 18
8 9 10 11 12 13 14 15 16 17
1 2 3 4 5 6 7 8 9 10
5 6 7 8 9 10 11 12 13 14
9 10 11 12 13 14 15 16 17 18
3 4 5 6 7 8 9 10 11 12
10 11 12 13 14 15 16 17 18 19
6 7 8 9 10 11 12 13 14 15
4 5 6 7 8 9 10 11 12 13
10
12 14 18 22 24 28 30 35 39 40
15 19 22 25 29 33 36 38 40 44
16 23 26 29 33 34 39 43 47 49
8 12 16 17 20 23 29 32 33 36
20 24 29 30 35 38 40 45 51 53
3 5 8 12 15 16 20 22 25 27
26 32 36 40 44 49 53 54 56 60
5 9 11 14 18 22 26 27 28 32
9 18 20 24 29 33 35 39 42 46
20 27 32 35 38 43 45 46 48 53
3 4 5 8 9 13 17 20 24 26
24 28 33 39 40 47 51 52 55 57
27 32 38 41 46 49 51 53 57 60
17 26 29 30 36 39 40 44 45 51
5 11 16 18 22 26 29 31 34 38
13 22 23 28 33 34 38 41 44 49
4 9 12 14 19 23 24 27 29 32
8 14 17 22 25 29 30 35 39 41
25 29 34 39 42 44 45 48 55 56
10
160 167 183 222 257 273 304 329 346 357
92 148 162 190 224 244 262 268 304 346
113 128 153 198 208 214 227 241 268 296
30 59 82 94 113 128 133 158 162 192
55 86 113 129 142 153 195 208 238 257
4 24 37 43 55 63 72 82 92 109
4 21 30 48 51 76 92 113 138 160
51 90 107 130 142 151 173 204 224 244
21 49 59 77 86 106 122 137 148 169
63 106 128 136 151 161 197 214 261 273
43 77 94 106 130 135 173 198 215 222
37 59 82 89 107 128 148 153 171 183
92 125 148 173 195 197 204 221 262 284
76 110 128 135 153 161 188 210 244 261
72 122 133 160 173 188 204 227 285 304
138 146 171 215 238 261 285 289 304 329
24 49 59 75 90 110 125 128 146 167
48 75 89 106 129 136 160 183 190 197
109 169 192 197 244 261 284 296 329 357
4
3 4 5 6
4 5 6 7
2 3 4 5
1 2 3 4
2 3 4 5
1 2 3 4
4 5 6 7
2
2 6
6 11
5 11
2
2 22
22 222
22 222
2
4 8
2 4
2 6
2
3 6
1 3
1 4
4
6 8 10 11
3 4 5 8
5 10 12 17
3 6 8 10
8 11 13 20
10 14 17 20
4 8 11 14
2
4 5
2 5
1 2
4
21 34 59 65
42 58 84 106
43 61 99 108
65 66 106 108
34 38 58 61
21 35 42 43
35 38 64 66
7
117 128 146 170 196 226 239
69 122 136 144 188 196 217
102 121 140 165 188 201 224
20 44 64 87 102 117 123
81 146 162 163 201 226 230
123 135 151 180 217 230 244
20 22 41 54 69 81 86
22 69 91 102 121 128 135
54 99 105 123 165 170 180
87 102 116 123 144 163 191
86 159 183 191 224 239 244
44 69 83 99 122 146 159
64 91 92 105 136 162 183
2
2 4
2 6
6 8
4
4 7 9 10
3 5 7 8
5 8 10 13
5 8 11 13
2 3 4 5
2 3 4 5
3 5 6 8
4
7 11 15 17
8 13 18 21
2 5 7 8
2 5 9 10
10 13 17 21
5 6 11 13
9 11 15 18
6
11 14 17 19 20 23
4 7 9 10 13 14
5 8 11 14 16 17
8 13 15 18 19 20
1 4 5 7 8 11
7 9 11 14 15 18
11 15 18 19 20 23
8 10 14 16 18 19
4 7 8 10 13 15
1 4 7 8 10 11
10 13 16 18 19 20
4
2 4 5 10
7 9 12 13
8 10 11 13
3 5 6 11
2 4 5 9
3 5 6 12
1 2 3 8
9
6 10 13 14 17 18 20 22 24
5 9 11 13 15 17 18 20 21
8 13 14 18 20 22 23 25 27
12 16 20 22 23 25 27 29 30
3 7 9 11 13 15 16 18 20
10 15 18 20 22 24 25 27 29
10 14 15 20 22 23 25 27 29
3 5 7 8 9 11 13 14 15
11 15 16 21 24 25 27 29 30
4 7 9 10 12 13 14 15 16
9 13 16 17 21 22 23 25 27
4 8 10 13 14 16 17 20 22
2 5 7 9 10 12 13 15 16
1 2 3 4 5 6 8 10 11
1 3 4 5 6 7 9 10 12
5 9 12 15 17 19 21 22 23
7 12 15 16 19 20 22 23 25
7
6 7 8 9 10 11 12
4 5 6 7 8 9 10
5 6 7 8 9 10 11
2 3 4 5 6 7 8
5 6 7 8 9 10 11
1 2 3 4 5 6 7
7 8 9 10 11 12 13
3 4 5 6 7 8 9
1 2 3 4 5 6 7
3 4 5 6 7 8 9
7 8 9 10 11 12 13
4 5 6 7 8 9 10
2 3 4 5 6 7 8
6
3 6 8 10 11 12
4 6 7 8 10 11
2 3 5 6 8 10
6 8 10 11 13 15
6 8 11 14 15 16
2 4 6 7 8 9
8 10 13 15 16 17
7 10 12 14 15 16
8 11 13 15 16 18
9 12 14 16 17 19
10 11 15 16 18 19
4
11 13 14 17
8 9 10 13
3 8 9 13
5 9 10 14
7 12 13 17
5 8 9 12
2 5 8 11
2
22 222
2 22
2 22
6
15 20 30 32 33 43
18 22 25 29 31 33
20 27 32 37 41 43
2 7 8 13 18 20
7 9 10 15 16 20
12 16 25 26 31 41
2 3 4 9 12 15
8 12 14 20 25 30
9 15 20 22 29 37
3 9 12 15 22 27
13 15 17 22 26 32
4
5 6 7 8
3 7 11 15
13 14 15 16
2 6 10 14
1 5 9 13
4 8 12 16
9 10 11 12
7
15 16 20 23 27 31 36
17 20 23 27 32 37 39
5 10 15 17 20 22 24
29 34 36 39 44 47 52
24 28 31 34 41 44 52
25 27 31 37 39 43 44
9 14 16 20 22 27 28
5 9 14 18 21 25 29
20 22 26 31 34 39 44
22 27 29 33 36 43 47
18 19 23 27 31 33 34
10 14 17 19 25 27 34
21 25 27 32 34 36 41
4
4 5 7 8
1 2 4 6
1 3 4 6
3 4 5 8
6 8 10 11
6 7 8 11
2 4 5 7
7
3 8 12 13 14 15 26
1 2 3 4 5 6 22
4 9 13 16 17 18 28
6 11 15 18 20 21 33
3 8 12 13 14 15 27
6 11 15 18 20 21 32
4 9 13 16 17 18 29
23 24 26 28 30 32 34
22 25 27 29 31 33 34
1 2 3 4 5 6 23
5 10 14 17 19 20 31
5 10 14 17 19 20 30
2 7 8 9 10 11 24
7
1 2 3 4 5 6 7
22 23 24 25 26 27 28
6 13 20 27 34 41 48
15 16 17 18 19 20 21
4 11 18 25 32 39 46
7 14 21 28 35 42 49
5 12 19 26 33 40 47
1 8 15 22 29 36 43
43 44 45 46 47 48 49
2 9 16 23 30 37 44
8 9 10 11 12 13 14
3 10 17 24 31 38 45
29 30 31 32 33 34 35
6
3 4 7 10 12 14
3 4 5 10 11 14
4 5 8 13 16 17
9 11 15 17 19 22
1 3 6 7 8 10
6 7 8 12 15 16
7 10 12 16 18 19
7 10 13 16 17 18
10 14 17 19 22 24
8 12 16 18 19 22
1 3 4 7 9 11
3
1 2 3
2 3 4
2 3 4
1 2 3
3 4 5
4
2 3 5 6
5 6 8 9
6 8 10 12
2 3 5 6
5 6 8 10
3 5 6 8
3 5 6 8
4
5 8 10 12
1 2 4 6
3 5 6 7
1 3 4 5
6 7 11 12
4 7 9 11
4 6 9 10
10
7 15 22 28 33 37 40 41 42 59
4 12 19 25 26 27 28 29 30 52
47 48 51 53 55 57 59 61 62 64
6 14 21 27 32 36 37 38 39 57
1 2 3 4 5 6 7 8 9 47
1 2 3 4 5 6 7 8 9 46
6 14 21 27 32 36 37 38 39 56
8 16 23 29 34 38 41 43 44 60
3 11 18 19 20 21 22 23 24 51
8 16 23 29 34 38 41 43 44 61
5 13 20 26 31 32 33 34 35 54
7 15 22 28 33 37 40 41 42 58
2 10 11 12 13 14 15 16 17 49
46 49 50 52 54 56 58 60 63 64
9 17 24 30 35 39 42 44 45 63
4 12 19 25 26 27 28 29 30 53
9 17 24 30 35 39 42 44 45 62
3 11 18 19 20 21 22 23 24 50
2 10 11 12 13 14 15 16 17 48
7
6 9 11 12 13 15 18
7 10 13 15 17 18 19
11 14 16 18 19 23 24
2 3 5 6 7 9 11
9 11 14 17 19 21 23
7 9 11 12 15 17 18
2 4 5 7 8 10 11
11 13 15 18 20 22 24
3 5 6 9 11 13 14
8 11 12 13 17 19 20
4 5 7 9 10 11 13
5 7 8 11 12 14 16
10 13 14 15 18 21 22
10
3 13 23 33 43 53 63 73 83 93
6 16 26 36 46 56 66 76 86 96
7 17 27 37 47 57 67 77 87 97
1 2 3 4 5 6 7 8 9 10
31 32 33 34 35 36 37 38 39 40
91 92 93 94 95 96 97 98 99 100
21 22 23 24 25 26 27 28 29 30
4 14 24 34 44 54 64 74 84 94
8 18 28 38 48 58 68 78 88 98
10 20 30 40 50 60 70 80 90 100
41 42 43 44 45 46 47 48 49 50
71 72 73 74 75 76 77 78 79 80
9 19 29 39 49 59 69 79 89 99
11 12 13 14 15 16 17 18 19 20
61 62 63 64 65 66 67 68 69 70
81 82 83 84 85 86 87 88 89 90
5 15 25 35 45 55 65 75 85 95
51 52 53 54 55 56 57 58 59 60
2 12 22 32 42 52 62 72 82 92
3
3 4 5
1 2 3
2 3 4
3 4 5
1 2 3
10
5 6 8 11 12 13 16 17 19 20
12 14 16 19 20 21 24 26 27 28
3 5 7 9 11 12 14 15 16 18
14 18 20 22 26 27 28 32 34 35
15 16 19 23 25 26 28 31 32 34
6 9 11 13 14 15 17 19 20 22
9 11 12 15 19 20 21 25 26 28
11 15 16 19 22 24 26 29 31 32
2 5 6 8 9 11 13 15 16 18
10 12 13 17 19 20 22 24 26 27
13 15 17 21 23 25 27 29 31 32
16 18 20 24 26 28 29 32 33 35
13 16 18 20 24 26 27 31 32 33
10 13 15 17 20 22 24 27 28 29
8 9 11 14 17 19 20 23 25 26
4 7 8 10 11 12 15 16 18 20
7 8 10 13 15 17 19 21 23 24
1 3 5 7 8 9 10 11 13 14
1 2 4 6 8 10 12 13 15 16
